ca1_a.txt
F&=\begin{bmatrix}
1.1437  &-0.9508  &0.7677 \\
0.23031875  &0.43504375  &-0.41338125 \\
-0.874  &1.0157  &0.8957 \\
\end{bmatrix}\\
J&= 1.249991080910437 \\
************

[array([0.57733456, 0.57734832, 0.57736794]), 0.9584157219703168]
************

************

V&=\begin{bmatrix}
1.60545011  &-0.23273154  &-0.41206747 \\
-0.23273154  &0.58988489  &-0.10519361 \\
-0.41206747  &-0.10519361  &1.5546497 \\
\end{bmatrix}\\
R&=\begin{bmatrix}
0.71653701  &-0.33072645  &0.61416181 \\
0.61417304  &0.71654377  &-0.33069094 \\
-0.33070558  &0.61415393  &0.7165534 \\
\end{bmatrix}\\
U&=\begin{bmatrix}
1.24999562e+00  &-7.49988903e-01  &-1.51394873e-05 \\
-7.49988903e-01  &1.24997874e+00  &-6.78148052e-06 \\
-1.51394873e-05  &-6.78148052e-06  &1.25001033e+00 \\
\end{bmatrix}\\
0.12499789572217748 0.12499576298015166 0.3124971035049925
0.24014999999999997 0.06299531249999976 0.2593500000000001
N =  [0.421875, 0.140625, 0.140625, 0.046875, 0.140625, 0.046875, 0.046875, 0.015625] 
V_E&=\begin{bmatrix}
-0.74052379  &0.614162  &-0.27281779 \\
0.07237913  &-0.33071096  &-0.94095246 \\
0.66812108  &0.71654399  &-0.20044682 \\
\end{bmatrix}\\
V [1.99997608 1.25001034 0.49999828]
U [0.49999828 1.99997608 1.25001034]
U_E&=\begin{bmatrix}
7.07102800e-01  &7.07110762e-01  &-9.04125731e-06 \\
7.07110762e-01  &-7.07102800e-01  &-2.01861045e-05 \\
2.06669101e-05  &-7.88048064e-06  &1.00000000e+00 \\
\end{bmatrix}\\
F&=\begin{bmatrix}
1.1437  &-0.9508  &0.7677 \\
0.23031875  &0.43509375  &-0.41338125 \\
-0.874  &1.0157  &0.8957 \\
\end{bmatrix}\\
J&= 1.2500758500049372 \\
************

[array([0.57732896, 0.57735743, 0.57736441]), 0.9584056928741935]
************

************

V&=\begin{bmatrix}
1.60544845  &-0.23274521  &-0.4120662 \\
-0.23274521  &0.58992048  &-0.10517058 \\
-0.4120662  &-0.10517058  &1.55465159 \\
\end{bmatrix}\\
R&=\begin{bmatrix}
0.71653974  &-0.33072211  &0.61416096 \\
0.61416496  &0.71655372  &-0.33068439 \\
-0.33071468  &0.61414466  &0.71655714 \\
\end{bmatrix}\\
U&=\begin{bmatrix}
1.25000484e+00  &-7.49973548e-01  &-1.78647644e-05 \\
-7.49973548e-01  &1.25000535e+00  &-1.58664376e-05 \\
-1.78647644e-05  &-1.58664376e-05  &1.25001033e+00 \\
\end{bmatrix}\\
0.37501006822478666 0.37501195239475305 0.9374824527506807
0.720449999999999 0.18902343750000034 0.7780500000000004
N =  [0.015625, 0.046875, 0.046875, 0.140625, 0.046875, 0.140625, 0.140625, 0.421875] 
V_E&=\begin{bmatrix}
-0.74052475  &0.61415368  &-0.27283392 \\
0.07239932  &-0.33071445  &-0.94094967 \\
0.66811783  &0.71654951  &-0.20043793 \\
\end{bmatrix}\\
V [1.99997864 1.25001034 0.50003155]
U [0.50003155 1.99997864 1.25001034]
U_E&=\begin{bmatrix}
-7.07106902e-01  &-7.07106660e-01  &-2.11558380e-05 \\
-7.07106660e-01  &7.07106902e-01  &-2.38203708e-05 \\
-3.18029819e-05  &1.88411470e-06  &9.99999999e-01 \\
\end{bmatrix}\\



